%YAML:1.0
---
width: 1280
height: 720
K: !!opencv-matrix
   rows: 3
   cols: 3
   dt: d
   data: [ 9.7773441475047571e+02, 0., 6.3636626434967377e+02, 0.,
       9.8349685839435256e+02, 3.4503661658838377e+02, 0., 0., 1. ]
D: !!opencv-matrix
   rows: 8
   cols: 1
   dt: d
   data: [ 1.9195261926737880e-01, -1.5842297298976258e+00,
       -2.5574127945178684e-03, -7.9470748258666802e-05,
       6.6923263187977691e+00, 0., 0., 0. ]
